0,317
0,316
24,52
24,51
24,50
17,2
17,1
17,3
15,2
15,1
15,3
16,2
16,1
16,3
13,2
14,2
4,39
4,40
4,4
4,65
4,86
4,36
4,34
4,70
4,28
4,30
4,1
4,16
4,2
4,3
6,5
6,4
6,1
6,6
6,2
6,3
7,12
7,10
7,4
7,6
7,9
7,1
7,13
7,2
7,3
5,4
5,2
5,1
5,3
0,283
0,243
25,3
25,2
0,9
25,1
25,0
24,49
24,48
24,47
24,46
24,45
24,44
24,43
24,42
24,41
24,40
24,39
24,38
24,37
24,36
24,35
3,2
10,189
10,191
10,35
10,79
10,109
10,151
10,165
10,113
10,2
10,3
11,7
11,9
11,15
11,11
11,2
11,3
9,5
9,2
9,3
8,4
8,11
8,10
8,8
8,2
8,3
12,2
12,1
12,3
20,2
20,1
20,3
19,2
19,1
19,3
11,27
11,26
11,25
11,24
11,23
11,22
11,21
11,20
11,1
11,19
10,309
10,308
10,307
10,306
10,305
10,304
10,303
10,302
10,301
10,300
